1003675
1012321
1051530
1060961
1069948
1083160
1095132
1072374
1074546
1097034
1066618
1076799
1094975
1005270
1071923
917683
1072343
1017827
1043447
921919
921998
922005
922006
922723
922761
947744
960468
960516
963155
987461
920215
1012559
1055087
1055921
1083404
993041
1097080
1011212
1062104
833553
915841
919034
921491
921539
987818
1007356
1007991
1012036
1012321
1012334
1013602
1016018
1016024
1016450
1018227
1018882
1019075
1019135
1020179
1020362
1020411
1080775
1080776
1080777
1080777
1096326
1029173
1029174
1035709
1045027
1073126
916593
1027390
1088590
1012807
1091191
1016509
1025663
1075773
1047469
963332
1004907
1028382
1022335
1096833
1031726
725892
920216
1057514
953683
1028770
1098098
463511
1065725
1043885
990991
1003769
1012954
719628
1093778